[[1, 162, 23, 3],
[1, 162, 23, 8],
[162, 30, 5],
[1,162,30,8],
[1,172,25,5],
[1,172,25,8],
[1,172,30,5],
[1,172,30,8],
[1,167,27.5,6.5],
[1,177,27.5,6.5],
[1,157,27.5,6.5],
[1,167,32.5,6.5],
[1,167,22.5,6.5],
[1,167,27.5,9.5],
[1,167,27.5,3.5],
[1,177,20,6.5],
[1,177,20,6.5],
[1,160,34,7.5],
[1,160,34,7.5]]

[[41.5, 45.9, 11.2],
[33.8, 53.3, 11.2],
[27.7, 57.5, 12.7],
[21.7, 58.8, 16.0],
[19.9, 60.6, 16.2],
[15.0, 58.6, 24.5],
[12.2, 58.6, 24.5],
[4.3, 52.4, 38.0],
[19.3, 56.9, 21.3],
[6.4, 55.4, 30.8],
[37.6, 46.9, 14.7],
[18.0, 57.3, 22.2],
[26.3, 55.0, 18.3],
[9.9, 58.9, 28.0],
[25.0, 50.3, 22.1],
[14.1, 61.1, 23.0],
[15.2, 62.9, 20.7],
[15.9, 60.0, 22.1],
[19.6, 60.6, 19.3]]
